-18.0419632124328
-71.1346075893423
0.508875114705619
25.1179879806565
79.4735655725382
-72.3527492890882
24.9152492011713
80.8807268998789
-72.3994387868915
23.7677185158301
81.0842030476629
-72.9323931262174
75.6927722452605
-22.6364228286698
-73.5885752126634
-20.7486116729742
56.6501925575735
-62.3244055652985
99.1323836492486
-8.48208890968087
-79.8457341596632
-22.6076399425191
199.8898833816
47.7942106306344
-8.3059965099267
188.611941462022
57.1998125353872
-23.4898073397563
-47.4651964517594
93.8433233078535
-89.6383238978592
160.120458831222
-64.0028015556374
-84.0622542728287
154.049023253871
-62.501603455546
-69.0465768697297
176.153218831383
-73.4868710425172
-82.0929995015265
-194.730857995469
65.0267778960705
-67.9744813497795
-229.774753814288
77.5530614039232
78.8279788275899
-25.9565638344141
-69.0277324353585
180.748295686764
-20.9569708882726
45.7412133568092
-128.472066888794
68.5765158262032
12.8807820695832
-33.8216759664891
-38.9537351542948
102.277029350333
-75.8690774774722
-153.838019620266
-38.5147529206753
-68.6727889889482
-170.785261067599
-34.9881263662063
-112.316236308802
50.1841215057421
103.489352846736
-6.6086846598965
-102.512384424233
-178.105593882316
-10.2888733706935
-96.2424033343212
-178.047764155866
35.9646874777367
57.8980864185944
-77.6257505067337
30.5964706408242
62.5922218440626
-78.866249456161
-89.9682330460387
21.221084654737
14.3008844384613
-23.7674396233688
-48.4308344698861
5.858636689298
-21.5365869866023
-52.6405263330565
7.35287428344335
-51.9004848859711
0.270303269819237
109.733249687249
-46.0533349721633
-9.50126752858923
115.478520276587
-89.2311850848071
31.6172640887878
134.443466459803
-76.8784609863601
12.2109572537714
148.788641299261
-140.884717544112
76.5101624663734
8.74640023956722
-37.0269831933947
200.196432168117
-89.0597388046558
-93.3000649622009
36.2019079367327
4.10473785973267
-92.2672761940096
20.6696295057588
-1.84602771027842
26.1185807726838
-153.093308106957
-148.582194296913
197.303865043699
-36.3013505390352
52.0211284182853
190.825583967258
-30.4347645184192
49.3636621099451
5.0186110745133
161.083836783392
-89.6623330542828
11.6514034958386
92.5160582779905
-78.1001697163246
25.6208516084112
78.8519107088718
-74.6780937495279
-148.648794649886
-69.1411540768443
-40.6118404035741
-144.225658270475
-80.9867011644121
-37.488576509179
-145.353318054846
-97.8183154474023
-44.2414776454406
-26.7662704630486
-52.547246805867
2.20401087405598
-19.7711336286992
-63.7252344176488
6.4430595401245
-37.3348316713487
-22.8454258324192
125.236509926542
-42.5383541717885
-14.7627081079051
120.177394777792
-48.8894073575696
-6.47651423560687
114.585325289716
-215.372772382833
-40.9114563101467
-37.0683765890918
-211.020353933296
-59.5765125354552
-32.4458000284475
-2.8280379319568
-72.2474532179072
94.9596462119295
11.8020294879354
-92.9322043541219
106.023799373449
-121.535205450316
16.1287787454801
-177.027301020307
-119.808622155557
-116.176416703961
-37.6186949626576
-157.256094295896
-79.7806939775938
-44.4375771731186
70.2297316327363
21.1013126026782
-83.2261221898089
59.8531016920456
31.2278330922494
-84.8243746517147
-57.4527134845328
-13.9478318133669
74.6427858958746
-47.2038498823104
-30.5311566855609
82.9951212672949
-124.984257011001
-102.439005816203
-40.6438033415383
-130.740919167308
-88.0261508878887
-43.6530921435493
-83.7450159628441
15.8233639214761
1.87560007927622
208.142141467329
-46.5483936544127
51.9834447027227
212.590239930653
-50.1669886070475
53.4808071398926
62.0712981490822
124.83079681442
69.6450035413315
-131.498181910626
82.1763183867257
20.2759724687899
-231.971119581693
-17.3019552773091
-36.5994514078141
-57.2613165585627
-18.1023476041412
5.40163362254147
-196.916480093636
-34.6552076382411
-33.4861654373461
-192.658155913473
-48.3862280841967
-30.4507443525624
-133.357204223698
74.6795713143284
13.0915714625096
17.5708392662454
40.5858793040539
-70.2271774882678
23.8451341771974
32.6941601454299
-69.3948543810683
112.556315193153
-13.3087969539174
34.3274192728883
-61.1172805494333
-18.4040635478283
-0.566043228200558
165.503484674751
-43.2116260369552
26.4033767768385
136.296530592236
2.55043911545094
32.9787901136351
194.12594679024
-53.2616747596315
27.648892477188
189.012425578562
-35.1239627231006
24.9158091236084
-0.52978352113362
176.301809887473
60.2121346463997
184.795430756966
-17.0258915289725
19.1841184128323
203.574250281885
-43.386742944726
4.88528286400087
192.36449499777
-26.6231180115315
-6.27961519358369
166.215828955005
0.48216588767891
-28.2481666989895
-8.61297886856634
154.708011058796
77.5306872674298
178.457586867588
-21.493583631579
-37.7169501256553
176.637172205115
-20.507514677844
-38.310567226201
158.934309252144
-3.91499508529197
-43.521781964282
100.518451752833
50.1000977584492
-53.4340027350978
-34.1205473528825
84.6267791930296
133.11184410513
142.785930735507
-4.66587059804138
-64.8118631706735
142.085272234107
-3.23652335377294
-61.0398919604011
117.724852424256
13.8435321621331
-51.0517993483879
81.0015103461907
28.7066168587846
-3.26000093538545
-32.0198309689037
90.0396455647368
128.98990834999
112.379692647019
-35.9903839732213
22.4926673602501
109.416713629249
-31.4516401402341
22.8592368279161
97.7183430390164
-27.7441249937232
38.4817762229015
62.9202050250719
-20.4738269951096
95.0081995704551
-72.0203887918022
65.6081422596166
153.666741722192