-1.04941747572816
5.10058252427184
5.77058252427184
6.04058252427184
-9.21941747572816
-10.8294174757282
2.82058252427184
0.550582524271846
-3.32941747572816
2.42058252427184
-10.0194174757282
-8.00941747572816
-4.66941747572816
-2.12941747572816
-3.59941747572816
-1.98941747572816
-7.74941747572816
4.97058252427184
13.2605825242718
-6.80941747572816
-6.26941747572816
0.15058252427184
-17.5194174757282
-18.8494174757282
0.680582524271841
-2.65941747572816
6.04058252427184
3.36058252427184
5.23058252427185
5.10058252427184
9.78058252427184
7.91058252427185
16.6105825242718
-0.519417475728154
-1.58941747572815
7.50058252427184
-2.92941747572816
-17.7794174757282
-1.04941747572816
-2.25941747572816
-0.379417475728161
-2.52941747572816
-2.52941747572816
-8.41941747572816
-5.06941747572816
-4.26941747572816
1.35058252427184
6.97058252427184
22.4905825242718
16.6105825242718
9.65058252427184
-3.99941747572816
0.420582524271843
2.55058252427185
9.38058252427184
-16.8494174757282
-4.53941747572816
-6.40941747572816
-9.61941747572816
-6.53941747572816
-3.32941747572816
3.89058252427184
-7.74941747572816
-5.60941747572816
1.35058252427184
-0.649417475728157
1.62058252427184
4.30058252427185
10.3205825242718
-4.13941747572816
8.04058252427184
-7.87941747572816
-6.26941747572816
5.23058252427185
-8.14941747572816
-7.33941747572816
-3.46941747572816
-1.85941747572816
-5.20941747572816
-5.60941747572816
-9.61941747572816
-9.75941747572816
0.15058252427184
0.280582524271843
-2.25941747572816
-5.06941747572816
-8.94941747572816
2.42058252427184
1.88058252427184
2.15058252427184
-0.519417475728154
-3.19941747572815
8.44058252427184
5.50058252427184
5.77058252427184
4.97058252427184
3.09058252427184
8.04058252427184
13.9305825242718
14.1905825242718
14.4605825242718
13.1305825242718
12.7305825242718